{
    "version": [
        "1",
        "2",
        "6"
    ],
    "views": [
        {
            "viewId": "0",
            "poseId": "0",
            "intrinsicId": "0",
            "path": "",
            "width": "4092",
            "height": "2048",
            "metadata": ""
        },
        {
            "viewId": "1",
            "poseId": "0",
            "intrinsicId": "1",
            "path": "",
            "width": "4092",
            "height": "2048",
            "metadata": ""
        },
        {
            "viewId": "2",
            "poseId": "1",
            "intrinsicId": "0",
            "path": "",
            "width": "4092",
            "height": "2048",
            "metadata": ""
        },
        {
            "viewId": "3",
            "poseId": "1",
            "intrinsicId": "1",
            "path": "",
            "width": "4092",
            "height": "2048",
            "metadata": ""
        },
        {
            "viewId": "4",
            "poseId": "2",
            "intrinsicId": "0",
            "path": "",
            "width": "4092",
            "height": "2048",
            "metadata": ""
        },
        {
            "viewId": "5",
            "poseId": "2",
            "intrinsicId": "1",
            "path": "",
            "width": "4092",
            "height": "2048",
            "metadata": ""
        },
        {
            "viewId": "6",
            "poseId": "3",
            "intrinsicId": "0",
            "path": "",
            "width": "4092",
            "height": "2048",
            "metadata": ""
        },
        {
            "viewId": "7",
            "poseId": "3",
            "intrinsicId": "1",
            "path": "",
            "width": "4092",
            "height": "2048",
            "metadata": ""
        },
        {
            "viewId": "8",
            "poseId": "4",
            "intrinsicId": "0",
            "path": "",
            "width": "4092",
            "height": "2048",
            "metadata": ""
        },
        {
            "viewId": "9",
            "poseId": "4",
            "intrinsicId": "1",
            "path": "",
            "width": "4092",
            "height": "2048",
            "metadata": ""
        },
        {
            "viewId": "10",
            "poseId": "5",
            "intrinsicId": "0",
            "path": "",
            "width": "4092",
            "height": "2048",
            "metadata": ""
        },
        {
            "viewId": "11",
            "poseId": "5",
            "intrinsicId": "1",
            "path": "",
            "width": "4092",
            "height": "2048",
            "metadata": ""
        },
        {
            "viewId": "12",
            "poseId": "6",
            "intrinsicId": "0",
            "path": "",
            "width": "4092",
            "height": "2048",
            "metadata": ""
        },
        {
            "viewId": "13",
            "poseId": "6",
            "intrinsicId": "1",
            "path": "",
            "width": "4092",
            "height": "2048",
            "metadata": ""
        },
        {
            "viewId": "14",
            "poseId": "7",
            "intrinsicId": "0",
            "path": "",
            "width": "4092",
            "height": "2048",
            "metadata": ""
        },
        {
            "viewId": "15",
            "poseId": "7",
            "intrinsicId": "1",
            "path": "",
            "width": "4092",
            "height": "2048",
            "metadata": ""
        },
        {
            "viewId": "16",
            "poseId": "8",
            "intrinsicId": "0",
            "path": "",
            "width": "4092",
            "height": "2048",
            "metadata": ""
        },
        {
            "viewId": "17",
            "poseId": "8",
            "intrinsicId": "1",
            "path": "",
            "width": "4092",
            "height": "2048",
            "metadata": ""
        },
        {
            "viewId": "18",
            "poseId": "9",
            "intrinsicId": "0",
            "path": "",
            "width": "4092",
            "height": "2048",
            "metadata": ""
        },
        {
            "viewId": "19",
            "poseId": "9",
            "intrinsicId": "1",
            "path": "",
            "width": "4092",
            "height": "2048",
            "metadata": ""
        },
        {
            "viewId": "20",
            "poseId": "10",
            "intrinsicId": "0",
            "path": "",
            "width": "4092",
            "height": "2048",
            "metadata": ""
        },
        {
            "viewId": "21",
            "poseId": "10",
            "intrinsicId": "1",
            "path": "",
            "width": "4092",
            "height": "2048",
            "metadata": ""
        },
        {
            "viewId": "22",
            "poseId": "11",
            "intrinsicId": "0",
            "path": "",
            "width": "4092",
            "height": "2048",
            "metadata": ""
        },
        {
            "viewId": "23",
            "poseId": "11",
            "intrinsicId": "1",
            "path": "",
            "width": "4092",
            "height": "2048",
            "metadata": ""
        },
        {
            "viewId": "24",
            "poseId": "12",
            "intrinsicId": "0",
            "path": "",
            "width": "4092",
            "height": "2048",
            "metadata": ""
        },
        {
            "viewId": "25",
            "poseId": "12",
            "intrinsicId": "1",
            "path": "",
            "width": "4092",
            "height": "2048",
            "metadata": ""
        },
        {
            "viewId": "26",
            "poseId": "13",
            "intrinsicId": "0",
            "path": "",
            "width": "4092",
            "height": "2048",
            "metadata": ""
        },
        {
            "viewId": "27",
            "poseId": "13",
            "intrinsicId": "1",
            "path": "",
            "width": "4092",
            "height": "2048",
            "metadata": ""
        },
        {
            "viewId": "28",
            "poseId": "14",
            "intrinsicId": "0",
            "path": "",
            "width": "4092",
            "height": "2048",
            "metadata": ""
        },
        {
            "viewId": "29",
            "poseId": "14",
            "intrinsicId": "1",
            "path": "",
            "width": "4092",
            "height": "2048",
            "metadata": ""
        },
        {
            "viewId": "30",
            "poseId": "15",
            "intrinsicId": "0",
            "path": "",
            "width": "4092",
            "height": "2048",
            "metadata": ""
        },
        {
            "viewId": "31",
            "poseId": "15",
            "intrinsicId": "1",
            "path": "",
            "width": "4092",
            "height": "2048",
            "metadata": ""
        },
        {
            "viewId": "32",
            "poseId": "16",
            "intrinsicId": "0",
            "path": "",
            "width": "4092",
            "height": "2048",
            "metadata": ""
        },
        {
            "viewId": "33",
            "poseId": "16",
            "intrinsicId": "1",
            "path": "",
            "width": "4092",
            "height": "2048",
            "metadata": ""
        },
        {
            "viewId": "34",
            "poseId": "17",
            "intrinsicId": "0",
            "path": "",
            "width": "4092",
            "height": "2048",
            "metadata": ""
        },
        {
            "viewId": "35",
            "poseId": "17",
            "intrinsicId": "1",
            "path": "",
            "width": "4092",
            "height": "2048",
            "metadata": ""
        },
        {
            "viewId": "36",
            "poseId": "18",
            "intrinsicId": "0",
            "path": "",
            "width": "4092",
            "height": "2048",
            "metadata": ""
        },
        {
            "viewId": "37",
            "poseId": "18",
            "intrinsicId": "1",
            "path": "",
            "width": "4092",
            "height": "2048",
            "metadata": ""
        },
        {
            "viewId": "38",
            "poseId": "19",
            "intrinsicId": "0",
            "path": "",
            "width": "4092",
            "height": "2048",
            "metadata": ""
        },
        {
            "viewId": "39",
            "poseId": "19",
            "intrinsicId": "1",
            "path": "",
            "width": "4092",
            "height": "2048",
            "metadata": ""
        },
        {
            "viewId": "40",
            "poseId": "20",
            "intrinsicId": "0",
            "path": "",
            "width": "4092",
            "height": "2048",
            "metadata": ""
        },
        {
            "viewId": "41",
            "poseId": "20",
            "intrinsicId": "1",
            "path": "",
            "width": "4092",
            "height": "2048",
            "metadata": ""
        },
        {
            "viewId": "42",
            "poseId": "21",
            "intrinsicId": "0",
            "path": "",
            "width": "4092",
            "height": "2048",
            "metadata": ""
        },
        {
            "viewId": "43",
            "poseId": "21",
            "intrinsicId": "1",
            "path": "",
            "width": "4092",
            "height": "2048",
            "metadata": ""
        },
        {
            "viewId": "44",
            "poseId": "22",
            "intrinsicId": "0",
            "path": "",
            "width": "4092",
            "height": "2048",
            "metadata": ""
        },
        {
            "viewId": "45",
            "poseId": "22",
            "intrinsicId": "1",
            "path": "",
            "width": "4092",
            "height": "2048",
            "metadata": ""
        },
        {
            "viewId": "46",
            "poseId": "23",
            "intrinsicId": "0",
            "path": "",
            "width": "4092",
            "height": "2048",
            "metadata": ""
        },
        {
            "viewId": "47",
            "poseId": "23",
            "intrinsicId": "1",
            "path": "",
            "width": "4092",
            "height": "2048",
            "metadata": ""
        },
        {
            "viewId": "48",
            "poseId": "24",
            "intrinsicId": "0",
            "path": "",
            "width": "4092",
            "height": "2048",
            "metadata": ""
        },
        {
            "viewId": "49",
            "poseId": "24",
            "intrinsicId": "1",
            "path": "",
            "width": "4092",
            "height": "2048",
            "metadata": ""
        },
        {
            "viewId": "50",
            "poseId": "25",
            "intrinsicId": "0",
            "path": "",
            "width": "4092",
            "height": "2048",
            "metadata": ""
        },
        {
            "viewId": "51",
            "poseId": "25",
            "intrinsicId": "1",
            "path": "",
            "width": "4092",
            "height": "2048",
            "metadata": ""
        },
        {
            "viewId": "52",
            "poseId": "26",
            "intrinsicId": "0",
            "path": "",
            "width": "4092",
            "height": "2048",
            "metadata": ""
        },
        {
            "viewId": "53",
            "poseId": "26",
            "intrinsicId": "1",
            "path": "",
            "width": "4092",
            "height": "2048",
            "metadata": ""
        }
    ],
    "intrinsics": [
        {
            "intrinsicId": "0",
            "width": "4092",
            "height": "2048",
            "sensorWidth": "36",
            "sensorHeight": "24",
            "serialNumber": "",
            "type": "pinhole",
            "initializationMode": "none",
            "initialFocalLength": "-1",
            "focalLength": "8.7976539589442808",
            "pixelRatio": "2",
            "pixelRatioLocked": "true",
            "principalPoint": [
                "-26",
                "16"
            ],
            "distortionInitializationMode": "none",
            "distortionParams": "",
            "undistortionOffset": [
                "0",
                "0"
            ],
            "undistortionParams": "",
            "locked": "false"
        },
        {
            "intrinsicId": "1",
            "width": "4092",
            "height": "2048",
            "sensorWidth": "36",
            "sensorHeight": "24",
            "serialNumber": "",
            "type": "radial3",
            "initializationMode": "none",
            "initialFocalLength": "-1",
            "focalLength": "8.7976539589442808",
            "pixelRatio": "2",
            "pixelRatioLocked": "true",
            "principalPoint": [
                "-26",
                "16"
            ],
            "distortionInitializationMode": "none",
            "distortionParams": [
                "0.10000000000000001",
                "0.050000000000000003",
                "-0.001"
            ],
            "undistortionOffset": [
                "0",
                "0"
            ],
            "undistortionParams": "",
            "locked": "false"
        }
    ],
    "poses": [
        {
            "poseId": "0",
            "pose": {
                "transform": {
                    "rotation": [
                        "0.22629564095020641",
                        "-0.18300791965761709",
                        "0.95671227870741093",
                        "0.95671227870741093",
                        "0.22629564095020641",
                        "-0.18300791965761709",
                        "-0.18300791965761709",
                        "0.95671227870741093",
                        "0.22629564095020641"
                    ],
                    "center": [
                        "-1.0000000000000004",
                        "-1.0000000000000004",
                        "-1.0000000000000004"
                    ]
                },
                "locked": "0"
            }
        },
        {
            "poseId": "1",
            "pose": {
                "transform": {
                    "rotation": [
                        "0.57797184738268714",
                        "0.42202815261731275",
                        "0.69845599863660834",
                        "0.42202815261731275",
                        "0.57797184738268714",
                        "-0.69845599863660834",
                        "-0.69845599863660834",
                        "0.69845599863660834",
                        "0.15594369476537437"
                    ],
                    "center": [
                        "-0.99999999999999978",
                        "-0.99999999999999978",
                        "0"
                    ]
                },
                "locked": "0"
            }
        },
        {
            "poseId": "2",
            "pose": {
                "transform": {
                    "rotation": [
                        "0.22629564095020641",
                        "0.95671227870741093",
                        "0.18300791965761709",
                        "-0.18300791965761709",
                        "0.22629564095020641",
                        "-0.95671227870741093",
                        "-0.95671227870741093",
                        "0.18300791965761709",
                        "0.22629564095020641"
                    ],
                    "center": [
                        "-1.0000000000000004",
                        "-1.0000000000000004",
                        "1.0000000000000004"
                    ]
                },
                "locked": "0"
            }
        },
        {
            "poseId": "3",
            "pose": {
                "transform": {
                    "rotation": [
                        "0.57797184738268714",
                        "-0.69845599863660834",
                        "0.42202815261731275",
                        "0.69845599863660834",
                        "0.15594369476537437",
                        "-0.69845599863660834",
                        "0.42202815261731275",
                        "0.69845599863660834",
                        "0.57797184738268714"
                    ],
                    "center": [
                        "-0.99999999999999978",
                        "0",
                        "-0.99999999999999978"
                    ]
                },
                "locked": "0"
            }
        },
        {
            "poseId": "4",
            "pose": {
                "transform": {
                    "rotation": [
                        "1",
                        "0",
                        "-0",
                        "-0",
                        "0.54030230586813977",
                        "-0.8414709848078965",
                        "0",
                        "0.8414709848078965",
                        "0.54030230586813977"
                    ],
                    "center": [
                        "-1",
                        "0",
                        "-0"
                    ]
                },
                "locked": "0"
            }
        },
        {
            "poseId": "5",
            "pose": {
                "transform": {
                    "rotation": [
                        "0.57797184738268714",
                        "0.69845599863660834",
                        "-0.42202815261731275",
                        "-0.69845599863660834",
                        "0.15594369476537437",
                        "-0.69845599863660834",
                        "-0.42202815261731275",
                        "0.69845599863660834",
                        "0.57797184738268714"
                    ],
                    "center": [
                        "-0.99999999999999978",
                        "0",
                        "0.99999999999999978"
                    ]
                },
                "locked": "0"
            }
        },
        {
            "poseId": "6",
            "pose": {
                "transform": {
                    "rotation": [
                        "0.22629564095020641",
                        "-0.95671227870741093",
                        "-0.18300791965761709",
                        "0.18300791965761709",
                        "0.22629564095020641",
                        "-0.95671227870741093",
                        "0.95671227870741093",
                        "0.18300791965761709",
                        "0.22629564095020641"
                    ],
                    "center": [
                        "-1.0000000000000004",
                        "1.0000000000000004",
                        "-1.0000000000000004"
                    ]
                },
                "locked": "0"
            }
        },
        {
            "poseId": "7",
            "pose": {
                "transform": {
                    "rotation": [
                        "0.57797184738268714",
                        "-0.42202815261731275",
                        "-0.69845599863660834",
                        "-0.42202815261731275",
                        "0.57797184738268714",
                        "-0.69845599863660834",
                        "0.69845599863660834",
                        "0.69845599863660834",
                        "0.15594369476537437"
                    ],
                    "center": [
                        "-0.99999999999999978",
                        "0.99999999999999978",
                        "0"
                    ]
                },
                "locked": "0"
            }
        },
        {
            "poseId": "8",
            "pose": {
                "transform": {
                    "rotation": [
                        "0.22629564095020641",
                        "0.18300791965761709",
                        "-0.95671227870741093",
                        "-0.95671227870741093",
                        "0.22629564095020641",
                        "-0.18300791965761709",
                        "0.18300791965761709",
                        "0.95671227870741093",
                        "0.22629564095020641"
                    ],
                    "center": [
                        "-1.0000000000000004",
                        "1.0000000000000004",
                        "1.0000000000000004"
                    ]
                },
                "locked": "0"
            }
        },
        {
            "poseId": "9",
            "pose": {
                "transform": {
                    "rotation": [
                        "0.15594369476537437",
                        "-0.69845599863660834",
                        "0.69845599863660834",
                        "0.69845599863660834",
                        "0.57797184738268714",
                        "0.42202815261731275",
                        "-0.69845599863660834",
                        "0.42202815261731275",
                        "0.57797184738268714"
                    ],
                    "center": [
                        "0",
                        "-0.99999999999999978",
                        "-0.99999999999999978"
                    ]
                },
                "locked": "0"
            }
        },
        {
            "poseId": "10",
            "pose": {
                "transform": {
                    "rotation": [
                        "0.54030230586813977",
                        "0",
                        "0.8414709848078965",
                        "-0",
                        "1",
                        "0",
                        "-0.8414709848078965",
                        "-0",
                        "0.54030230586813977"
                    ],
                    "center": [
                        "-0",
                        "-1",
                        "0"
                    ]
                },
                "locked": "0"
            }
        },
        {
            "poseId": "11",
            "pose": {
                "transform": {
                    "rotation": [
                        "0.15594369476537437",
                        "0.69845599863660834",
                        "0.69845599863660834",
                        "-0.69845599863660834",
                        "0.57797184738268714",
                        "-0.42202815261731275",
                        "-0.69845599863660834",
                        "-0.42202815261731275",
                        "0.57797184738268714"
                    ],
                    "center": [
                        "0",
                        "-0.99999999999999978",
                        "0.99999999999999978"
                    ]
                },
                "locked": "0"
            }
        },
        {
            "poseId": "12",
            "pose": {
                "transform": {
                    "rotation": [
                        "0.54030230586813977",
                        "-0.8414709848078965",
                        "-0",
                        "0.8414709848078965",
                        "0.54030230586813977",
                        "0",
                        "0",
                        "-0",
                        "1"
                    ],
                    "center": [
                        "0",
                        "-0",
                        "-1"
                    ]
                },
                "locked": "0"
            }
        },
        {
            "poseId": "13",
            "pose": {
                "transform": {
                    "rotation": [
                        "1",
                        "0",
                        "0",
                        "0",
                        "1",
                        "0",
                        "0",
                        "0",
                        "1"
                    ],
                    "center": [
                        "0",
                        "0",
                        "0"
                    ]
                },
                "locked": "0"
            }
        },
        {
            "poseId": "14",
            "pose": {
                "transform": {
                    "rotation": [
                        "0.54030230586813977",
                        "0.8414709848078965",
                        "0",
                        "-0.8414709848078965",
                        "0.54030230586813977",
                        "0",
                        "0",
                        "0",
                        "1"
                    ],
                    "center": [
                        "0",
                        "0",
                        "1"
                    ]
                },
                "locked": "0"
            }
        },
        {
            "poseId": "15",
            "pose": {
                "transform": {
                    "rotation": [
                        "0.15594369476537437",
                        "-0.69845599863660834",
                        "-0.69845599863660834",
                        "0.69845599863660834",
                        "0.57797184738268714",
                        "-0.42202815261731275",
                        "0.69845599863660834",
                        "-0.42202815261731275",
                        "0.57797184738268714"
                    ],
                    "center": [
                        "0",
                        "0.99999999999999978",
                        "-0.99999999999999978"
                    ]
                },
                "locked": "0"
            }
        },
        {
            "poseId": "16",
            "pose": {
                "transform": {
                    "rotation": [
                        "0.54030230586813977",
                        "0",
                        "-0.8414709848078965",
                        "0",
                        "1",
                        "0",
                        "0.8414709848078965",
                        "0",
                        "0.54030230586813977"
                    ],
                    "center": [
                        "0",
                        "1",
                        "0"
                    ]
                },
                "locked": "0"
            }
        },
        {
            "poseId": "17",
            "pose": {
                "transform": {
                    "rotation": [
                        "0.15594369476537437",
                        "0.69845599863660834",
                        "-0.69845599863660834",
                        "-0.69845599863660834",
                        "0.57797184738268714",
                        "0.42202815261731275",
                        "0.69845599863660834",
                        "0.42202815261731275",
                        "0.57797184738268714"
                    ],
                    "center": [
                        "0",
                        "0.99999999999999978",
                        "0.99999999999999978"
                    ]
                },
                "locked": "0"
            }
        },
        {
            "poseId": "18",
            "pose": {
                "transform": {
                    "rotation": [
                        "0.22629564095020641",
                        "-0.95671227870741093",
                        "0.18300791965761709",
                        "0.18300791965761709",
                        "0.22629564095020641",
                        "0.95671227870741093",
                        "-0.95671227870741093",
                        "-0.18300791965761709",
                        "0.22629564095020641"
                    ],
                    "center": [
                        "1.0000000000000004",
                        "-1.0000000000000004",
                        "-1.0000000000000004"
                    ]
                },
                "locked": "0"
            }
        },
        {
            "poseId": "19",
            "pose": {
                "transform": {
                    "rotation": [
                        "0.57797184738268714",
                        "-0.42202815261731275",
                        "0.69845599863660834",
                        "-0.42202815261731275",
                        "0.57797184738268714",
                        "0.69845599863660834",
                        "-0.69845599863660834",
                        "-0.69845599863660834",
                        "0.15594369476537437"
                    ],
                    "center": [
                        "0.99999999999999978",
                        "-0.99999999999999978",
                        "0"
                    ]
                },
                "locked": "0"
            }
        },
        {
            "poseId": "20",
            "pose": {
                "transform": {
                    "rotation": [
                        "0.22629564095020641",
                        "0.18300791965761709",
                        "0.95671227870741093",
                        "-0.95671227870741093",
                        "0.22629564095020641",
                        "0.18300791965761709",
                        "-0.18300791965761709",
                        "-0.95671227870741093",
                        "0.22629564095020641"
                    ],
                    "center": [
                        "1.0000000000000004",
                        "-1.0000000000000004",
                        "1.0000000000000004"
                    ]
                },
                "locked": "0"
            }
        },
        {
            "poseId": "21",
            "pose": {
                "transform": {
                    "rotation": [
                        "0.57797184738268714",
                        "-0.69845599863660834",
                        "-0.42202815261731275",
                        "0.69845599863660834",
                        "0.15594369476537437",
                        "0.69845599863660834",
                        "-0.42202815261731275",
                        "-0.69845599863660834",
                        "0.57797184738268714"
                    ],
                    "center": [
                        "0.99999999999999978",
                        "0",
                        "-0.99999999999999978"
                    ]
                },
                "locked": "0"
            }
        },
        {
            "poseId": "22",
            "pose": {
                "transform": {
                    "rotation": [
                        "1",
                        "0",
                        "0",
                        "0",
                        "0.54030230586813977",
                        "0.8414709848078965",
                        "0",
                        "-0.8414709848078965",
                        "0.54030230586813977"
                    ],
                    "center": [
                        "1",
                        "0",
                        "0"
                    ]
                },
                "locked": "0"
            }
        },
        {
            "poseId": "23",
            "pose": {
                "transform": {
                    "rotation": [
                        "0.57797184738268714",
                        "0.69845599863660834",
                        "0.42202815261731275",
                        "-0.69845599863660834",
                        "0.15594369476537437",
                        "0.69845599863660834",
                        "0.42202815261731275",
                        "-0.69845599863660834",
                        "0.57797184738268714"
                    ],
                    "center": [
                        "0.99999999999999978",
                        "0",
                        "0.99999999999999978"
                    ]
                },
                "locked": "0"
            }
        },
        {
            "poseId": "24",
            "pose": {
                "transform": {
                    "rotation": [
                        "0.22629564095020641",
                        "-0.18300791965761709",
                        "-0.95671227870741093",
                        "0.95671227870741093",
                        "0.22629564095020641",
                        "0.18300791965761709",
                        "0.18300791965761709",
                        "-0.95671227870741093",
                        "0.22629564095020641"
                    ],
                    "center": [
                        "1.0000000000000004",
                        "1.0000000000000004",
                        "-1.0000000000000004"
                    ]
                },
                "locked": "0"
            }
        },
        {
            "poseId": "25",
            "pose": {
                "transform": {
                    "rotation": [
                        "0.57797184738268714",
                        "0.42202815261731275",
                        "-0.69845599863660834",
                        "0.42202815261731275",
                        "0.57797184738268714",
                        "0.69845599863660834",
                        "0.69845599863660834",
                        "-0.69845599863660834",
                        "0.15594369476537437"
                    ],
                    "center": [
                        "0.99999999999999978",
                        "0.99999999999999978",
                        "0"
                    ]
                },
                "locked": "0"
            }
        },
        {
            "poseId": "26",
            "pose": {
                "transform": {
                    "rotation": [
                        "0.22629564095020641",
                        "0.95671227870741093",
                        "-0.18300791965761709",
                        "-0.18300791965761709",
                        "0.22629564095020641",
                        "0.95671227870741093",
                        "0.95671227870741093",
                        "-0.18300791965761709",
                        "0.22629564095020641"
                    ],
                    "center": [
                        "1.0000000000000004",
                        "1.0000000000000004",
                        "1.0000000000000004"
                    ]
                },
                "locked": "0"
            }
        }
    ],
    "structure": [
        {
            "landmarkId": "0",
            "descType": "unknown",
            "color": [
                "255",
                "255",
                "255"
            ],
            "X": [
                "-10",
                "-10",
                "-10"
            ],
            "observations": ""
        },
        {
            "landmarkId": "1",
            "descType": "unknown",
            "color": [
                "255",
                "255",
                "255"
            ],
            "X": [
                "-10",
                "-10",
                "-9"
            ],
            "observations": ""
        },
        {
            "landmarkId": "2",
            "descType": "unknown",
            "color": [
                "255",
                "255",
                "255"
            ],
            "X": [
                "-10",
                "-10",
                "-8"
            ],
            "observations": ""
        },
        {
            "landmarkId": "3",
            "descType": "unknown",
            "color": [
                "255",
                "255",
                "255"
            ],
            "X": [
                "-10",
                "-10",
                "-7"
            ],
            "observations": ""
        },
        {
            "landmarkId": "4",
            "descType": "unknown",
            "color": [
                "255",
                "255",
                "255"
            ],
            "X": [
                "-10",
                "-10",
                "-6"
            ],
            "observations": ""
        },
        {
            "landmarkId": "5",
            "descType": "unknown",
            "color": [
                "255",
                "255",
                "255"
            ],
            "X": [
                "-10",
                "-10",
                "-5"
            ],
            "observations": ""
        },
        {
            "landmarkId": "6",
            "descType": "unknown",
            "color": [
                "255",
                "255",
                "255"
            ],
            "X": [
                "-10",
                "-10",
                "-4"
            ],
            "observations": ""
        },
        {
            "landmarkId": "7",
            "descType": "unknown",
            "color": [
                "255",
                "255",
                "255"
            ],
            "X": [
                "-10",
                "-10",
                "-3"
            ],
            "observations": ""
        },
        {
            "landmarkId": "8",
            "descType": "unknown",
            "color": [
                "255",
                "255",
                "255"
            ],
            "X": [
                "-10",
                "-10",
                "-2"
            ],
            "observations": ""
        },
        {
            "landmarkId": "9",
            "descType": "unknown",
            "color": [
                "255",
                "255",
                "255"
            ],
            "X": [
                "-10",
                "-10",
                "-1"
            ],
            "observations": ""
        },
        {
            "landmarkId": "10",
            "descType": "unknown",
            "color": [
                "255",
                "255",
                "255"
            ],
            "X": [
                "-10",
                "-10",
                "0"
            ],
            "observations": ""
        },
        {
            "landmarkId": "11",
            "descType": "unknown",
            "color": [
                "255",
                "255",
                "255"
            ],
            "X": [
                "-10",
                "-10",
                "1"
            ],
            "observations": ""
        },
        {
            "landmarkId": "12",
            "descType": "unknown",
            "color": [
                "255",
                "255",
                "255"
            ],
            "X": [
                "-10",
                "-10",
                "2"
            ],
            "observations": ""
        },
        {
            "landmarkId": "13",
            "descType": "unknown",
            "color": [
                "255",
                "255",
                "255"
            ],
            "X": [
                "-10",
                "-10",
                "3"
            ],
            "observations": ""
        },
        {
            "landmarkId": "14",
            "descType": "unknown",
            "color": [
                "255",
                "255",
                "255"
            ],
            "X": [
                "-10",
                "-10",
                "4"
            ],
            "observations": ""
        },
        {
            "landmarkId": "15",
            "descType": "unknown",
            "color": [
